spellId,action,folder,prefix,ext,moveSpeed,turn,x,y,w,h,no1,no2,...
1,O,Haste,C15spA,png,40,2,57,106,113,106,01,02,03,04,05,06,07,08,09,10,11,12,13,14,15
3,M,MagicArrow,C20spX,png,40,2,123,24,123,47,02,03,04,05,06,07,08,09,10,11,12,13,14,15
3,H,MagicArrow,C20spX,png,40,2,67,58,133,116,76,77,78,79,80,81,82,83,84,85,86,87,88,89
7,O,LightningBolt,C11spA,png,40,2,53,494,106,494,08,08
7,H,LightningBolt,C11spA,png,40,2,57,55,114,110,10,11,12,13,14,15,16,17,18,19,20
24,O,FireBall,C13spF,png,40,2,71,78,142,155,01,02,03,04,05,06,07,08,09,10,11,12,13
31,O,Inferno,C04spF,png,40,2,104,109,207,217,01,02,03,04,05,06,07,08,09,10,11,12,13,14,15,16
57,M,IceBolt,C08spW,png,40,2,128,17,128,33,02,03,04,05,06,07,08,09,10
57,H,IceBolt,C08spW,png,40,2,73,77,146,154,51,52,53,54,55,56,57,58,59,60,61,62,63,64,65,66
46,O,MeteorShower,C08spE,png,40,2,72,144,144,144,01,02,03,04,05,06,07,08,09,10,11,12,13,14,15,16,17,18
50,O,Implosion,C05spE,png,40,2,45,147,90,147,01,02,03,04,05,06,07,08,09,10,11,12,13,14,15,16,17,18,19